1,1.请在使用自定义职业前咨询你的守秘人;
2,2.;33.;34.;35.;70.社交;7.;1.;1.;
3,23.;28.;21.;11.;7.;10.;1.;1.;
4,37.技艺;27.;1.格斗;32.;1.社交;1.社交;14.;1.;
5,37.技艺;27.;29.;1.社交;1.社交;14.;1.;1.;
6,1.社交;53.格斗;1.射击;33.;34.;14.;8.;12.;
7,33.;35.;16.;1.语言;13.;14.;79.科学;77.科学;
8,21.;35.;17.;14.;83.科学;8.;12.;1.;
9,4.;1.技艺;32.;34.;1.语言;1.社交;7.;1.;
10,2.;4.;29.;1.社交;1.社交;32.;34.;18.;
11,4.;5.;32.;1.语言;34.;7.;9.;18.;1.科学;
12,2.;99.技艺;33.;96.;24.;34.;70.社交;14.;78.科学;
13,1.技艺;32.;17.;1.社交;1.语言;14.;7.;1.;1.;
14,28.;53.格斗;22.;1.社交;1.社交;35.;14.;8.;
15,23.;21.;53.格斗;15.;1.社交;10.;11.;1.;
16,98.技艺;32.;34.;17.;19.;1.语言;96.;14.;1.;
17,2.;1.社交;1.社交;53.格斗;35.;14.;7.;1.;
18,1.射击;35.;7.;17.;18.;1.语言;1.生存;79.科学;82.科学;8.;12.;
19,2.;4.;29.;32.;34.;96.;1.语言;1.社交;
20,29.;31.;30.;1.格斗;1.射击;1.社交;33.;14.;12.;8.;
21,28.;53.格斗;69.社交;21.;14.;7.;1.;1.;
22,2.;4.;1.技艺;22.;35.;1.语言;14.;7.;1.;
23,2.;32.;34.;35.;1.语言;1.社交;14.;1.;
24,24.;30.;31.;34.;78.科学;7.;1.;1.;
25,24.;30.;31.;34.;7.;1.社交;1.;1.;
26,28.;1.格斗;1.射击;22.;17.;21.;15.;1.生存;11.;12.;
27,2.;1.技艺;1.技艺;9.;17.;7.;1.;1.;
28,27.;30.;1.格斗;1.射击;36.;9.;8.;14.;
29,29.;30.;9.;1.格斗;1.射击;69.社交;36.;20.;1.;
30,29.;1.格斗;1.射击;1.社交;1.社交;14.;8.;7.;
31,4.;23.;30.;9.;35.;36.;6.;8.;7.;
32,4.;37.技艺;33.;1.语言;35.;1.社交;1.社交;14.;6.;
33,37.技艺;27.;4.;1.社交;1.格斗;1.射击;36.;9.;8.;14.;7.;
34,1.技艺;1.社交;1.社交;53.格斗;100.射击;29.;35.;8.;1.;
35,2.;4.;40.技艺;32.;1.社交;34.;7.;1.;
36,2.;4.;40.技艺;32.;34.;7.;6.;1.;
37,1.射击;35.;18.;1.社交;29.;94.驾驶;95.驾驶;14.;6.;7.;
38,23.;1.社交;1.格斗;1.射击;21.;6.;8.;11.;
39,2.;1.社交;1.社交;19.;14.;7.;1.;1.;
40,1.社交;1.社交;29.;53.格斗;1.射击;32.;19.;14.;8.;88.罕见;
41,2.;39.技艺;1.技艺;24.;34.;9.;14.;7.;1.;
42,1.技艺;1.射击;1.语言;15.;1.社交;1.;1.;1.;
43,91.罕见;22.;9.;95.驾驶;79.科学;7.;10.;1.;
44,22.;16.;97.语言;14.;79.科学;75.科学;1.;1.;
45,23.;21.;35.;18.;1.社交;8.;1.;1.;
46,29.;1.社交;1.社交;35.;9.;18.;7.;1.;
47,2.;29.;35.;1.社交;9.;18.;14.;1.;
48,2.;29.;30.;68.社交;9.;18.;7.;1.;
49,2.;32.;96.;1.社交;1.社交;14.;7.;1.;
50,71.社交;32.;69.社交;68.社交;35.;96.;70.社交;14.;
51,99.技艺;30.;34.;9.;20.;85.科学;81.科学;1.;
52,37.技艺;27.;1.社交;1.社交;35.;14.;1.;1.;
53,23.;10.;1.射击;32.;21.;17.;18.;1.语言;1.生存;
54,101.技艺;29.;1.社交;9.;17.;20.;12.;1.;
55,29.;53.格斗;1.射击;33.;70.社交;8.;7.;1.;
56,23.;28.;29.;22.;21.;9.;20.;11.;
57,32.;1.语言;96.;35.;1.社交;1.社交;14.;1.;
58,97.语言;34.;16.;70.社交;79.科学;102.科学;75.科学;7.;
59,2.;37.技艺;1.社交;1.社交;35.;14.;6.;7.;
60,1.格斗;1.射击;33.;35.;1.社交;1.社交;14.;7.;
61,29.;1.格斗;1.射击;1.社交;1.社交;14.;1.;1.;
62,1.技艺;1.社交;1.社交;61.射击;32.;1.语言;18.;15.;
63,1.技艺;23.;21.;35.;36.;6.;18.;8.;1.;
64,30.;1.社交;53.格斗;22.;35.;9.;14.;8.;
65,103.技艺;39.技艺;1.社交;32.;34.;96.;14.;1.;1.;
66,37.技艺;32.;35.;96.;1.社交;14.;8.;7.;
67,32.;69.社交;33.;34.;35.;96.;70.社交;14.;
68,24.;34.;30.;1.语言;77.科学;7.;1.;1.;1.;
69,23.;28.;59.格斗;22.;21.;9.;17.;79.科学;82.科学;11.;
70,23.;76.科学;21.;9.;20.;8.;7.;1.;
71,2.;33.;34.;1.社交;1.社交;14.;1.;1.;
72,2.;34.;1.语言;96.;1.;1.;1.;1.;
73,104.技艺;105.技艺;106.技艺;23.;29.;30.;9.;20.;1.;1.;
74,2.;1.射击;18.;22.;1.社交;1.社交;14.;1.;
75,1.技艺;22.;9.;16.;17.;1.社交;1.;1.;
76,23.;22.;21.;35.;18.;1.语言;1.生存;12.;
77,2.;4.;5.;32.;34.;19.;1.语言;7.;
78,43.技艺;1.社交;35.;14.;1.;1.;1.;1.;
79,22.;35.;16.;1.社交;14.;79.科学;77.科学;7.;
80,3.;32.;34.;1.社交;19.;1.语言;80.科学;1.;
81,1.射击;22.;35.;17.;18.;7.;1.生存;12.;
82,3.;39.技艺;32.;34.;19.;1.语言;14.;1.;
83,2.;22.;97.语言;34.;1.社交;14.;75.科学;77.科学;
84,39.技艺;1.社交;14.;77.科学;8.;7.;1.;1.;
85,39.技艺;23.;1.社交;1.语言;14.;77.科学;1.;1.;
86,30.;9.;18.;20.;94.驾驶;80.科学;1.;1.;
87,2.;30.;35.;9.;18.;94.驾驶;7.;1.;
88,37.技艺;27.;1.射击;33.;35.;1.社交;14.;7.;1.;
89,53.格斗;1.射击;22.;1.社交;33.;14.;7.;29.;15.;
90,39.技艺;27.;33.;34.;1.社交;14.;7.;1.;
91,34.;1.语言;96.;14.;1.;1.;1.;1.;
92,23.;22.;32.;9.;18.;76.科学;7.;1.;
93,1.技艺;1.社交;1.社交;28.;14.;6.;8.;1.;
94,1.语言;35.;16.;70.社交;13.;14.;79.科学;77.科学;
95,2.;34.;35.;70.社交;13.;14.;1.;1.;
96,32.;34.;1.社交;1.语言;7.;1.;1.;1.;
97,30.;9.;1.格斗;1.射击;22.;18.;95.驾驶;93.生存;10.;
98,22.;9.;17.;18.;1.社交;95.驾驶;7.;10.;
99,2.;1.社交;1.社交;29.;35.;14.;8.;6.;1.;
100,1.科学;1.科学;1.科学;24.;34.;1.语言;96.;1.社交;7.;
101,2.;107.技艺;108.技艺;1.社交;1.社交;96.;34.;24.;14.;1.;
102,2.;1.社交;1.社交;30.;35.;9.;14.;7.;
103,23.;10.;28.;1.格斗;1.射击;8.;1.生存;22.;9.;1.语言;
104,37.技艺;27.;1.射击;35.;1.语言;1.社交;14.;6.;8.;
105,1.语言;96.;34.;35.;1.;1.;1.;1.;1.;
106,23.;28.;30.;9.;1.格斗;22.;21.;10.;91.罕见;29.;1.驾驶;15.;
107,23.;1.格斗;11.;35.;17.;19.;7.;10.;1.生存;
108,2.;29.;1.社交;32.;19.;14.;79.科学;77.科学;
109,2.;1.社交;1.社交;53.格斗;33.;35.;20.;14.;
110,2.;1.技艺;28.;35.;1.社交;1.社交;14.;1.;
111,2.;1.语言;33.;34.;24.;35.;1.社交;1.;1.;
112,2.;1.语言;33.;1.社交;1.社交;14.;1.;1.;
113,32.;1.社交;1.社交;14.;8.;1.;1.;1.;
114,92.罕见;2.;28.;22.;17.;16.;75.科学;83.科学;